,ArcA,DcuR,Fnr,NarL,NarP,NsrR,TtrR
ArcA,0.0,256.0,481.0,1095.0,873.0,1128.0,536.0
DcuR,256.0,0.0,787.0,293.0,289.0,300.0,280.0
Fnr,481.0,787.0,0.0,502.0,500.0,537.0,490.0
NarL,1095.0,293.0,502.0,0.0,845.0,994.0,482.0
NarP,873.0,289.0,500.0,845.0,0.0,908.0,450.0
NsrR,1128.0,300.0,537.0,994.0,908.0,0.0,519.0
TtrR,536.0,280.0,490.0,482.0,450.0,519.0,0.0
